"x1","x2"
4.80024313323897,3.38858621094109
2.86458651469621,1.87773986374471
11.4555635664397,12.2596047043381
1.70207270385644,0.795564397521321
11.4967034782434,10.6245898304301
10.9863106390109,9.85418282711617
12.6039571525413,11.0846731213251
0.974551060482305,0.268927920943742
13.1108588689794,10.558942825152
11.02972105605,12.380110400687
4.73415434031579,3.25375881585017
3.35585549159651,-0.00257228525527431
2.04042398497996,3.59249156855968
10.813646388285,10.7296967394744
10.9591138187087,11.6824487030897
1.70516049696548,2.50163202662639
0.784957177479329,0.0765175877859097
0.772829265187527,3.88393498367259
8.65196822652687,11.1773332137809
4.74939803182249,4.32485026835685
0.762571504816927,0.839431959949136
1.6479762521123,4.26590375455292
10.9205177993428,9.34737929376569
2.283884798068,2.75866902020878
12.9876286163674,11.957213133621
2.9988155544861,3.27850869720655
10.8351657723335,9.64342802496322
1.66612160089752,4.07229338613428
11.5525325099337,11.5756290189172
0.429215222935284,1.06285447247401
1.52466022213662,1.22066599175783
11.7972724923312,10.5083261847526
4.46438820806222,3.79809141872254
10.4835087796952,11.3870894948219
3.93423980939027,3.15002531274973
1.71227600701896,2.09304803119915
0.284751090515906,1.76995891733544
0.218302504718883,1.62340672116944
1.01507703614567,2.59297809329089
3.46540729298456,1.83469652408606
3.63528328629256,3.63424326667994
10.7313778565537,10.7473471771295
4.18744792179182,3.68189638945676
0.342505271818826,-0.224792366589151
-0.299070945523892,0.11003965451504
3.86210271198102,4.5150595397722
10.2810419789157,11.4962100598181
2.51331136061665,1.6556976356147
0.637763896282056,2.88443854504935
11.7480830385046,11.2212565837048
1.39113536409935,-0.931719138836109
2.64544574521193,3.76306188352587
5.00501220588428,4.6006098134511
4.07218399180962,5.48882392839161
1.15897074549501,-0.307651499345118
3.70583543338376,2.2784291204652
11.7717239711577,10.3866137603423
1.15904298547448,0.0151543168182098
8.09934507194945,10.4466914319599
1.35409305242606,0.883832131218899
0.701975456154427,-0.132011951844584
1.25444066376101,3.10618226587855
1.65103382626091,1.17698484378095
12.4921719823951,11.0083270545968
0.341918039420937,1.5648297405
4.73182731813645,3.46669987221027
3.76513280584438,3.29719664913639
4.46779078478992,4.9060721096444
12.013163723393,10.8754049450103
1.79008826176226,-0.214392105196824
10.0493162165345,11.4781030455458
0.979023712284695,0.71769722536631
4.05280284809185,2.90748859273603
10.13891179733,10.0243039544152
2.88645587151844,3.85765058935899
11.6734316527841,10.9184169206754
11.860613892937,11.6081028837504
11.5562027436426,10.8580698777965
0.183433801485723,0.410706673073632
2.32950378744445,4.67952129017102
12.6051421649073,10.820671439991
11.3503565926344,12.0403871509776
11.180875384262,9.89085272499345
3.30838814855321,2.9631685897168
9.89810625994186,10.8230837599492
11.7044320531428,10.7014697469715
0.852070253148881,2.41791711088712
10.9096784487705,11.069670453804
12.0257814836735,11.3366610062058
1.89098320940365,0.126838391031479
12.4845515310367,10.3632178785928
0.593036175840728,2.06727900745025
11.7427837158287,12.3509168196979
4.8203951424823,4.6781483749024
9.98164627565449,9.71179810557706
0.20841751201756,3.1191707925318
-0.0625285819583681,2.08608292869494
9.63322115559999,11.0657176909641
3.50926723933346,4.13289246489056
11.7456394947516,10.1210499259505
2.2701754744939,-0.026946142663455
4.47403577326003,3.4783351370299
10.0892265082625,9.89393929854461
12.9409170567751,11.2824541536621
2.76251127733448,4.72699058569697
3.53479849854837,2.39541096312755
10.6701792732335,10.3539944008893
0.94685992694043,1.11577403834626
11.2806281896039,10.0748390352763
1.18837105689241,0.685926139009124
3.4041921352249,4.3020400977637
3.53735741403433,4.39882970006242
2.94384945024563,3.8131313511194
0.564992968207498,-0.782345564172063
-0.591888981019411,1.01521336206924
10.7101014282286,12.1572083694407
10.5797848972246,11.905630192514
13.7943261554472,10.9016186809981
-0.292906132294316,-1.6307197096683
11.229691373661,11.1534017939035
-0.424414968420889,1.64296179637898
1.95884894465551,3.4750882658174
11.2171375412994,11.2498476952783
0.0725709640113639,1.50077547176417
3.42746207178759,3.03273495004209
0.640951217469587,2.37918832464695
2.81561307964281,3.89967808596625
-0.955467746523706,-0.173460171679199
2.20453673573232,4.81086014247784
11.2719515962203,12.2968940921122
3.99690528051584,4.25335864977418
0.576332745341928,-0.593419303290192
3.42934757015765,2.85997834248682
12.2153247984824,11.7279489723919
2.50906584187159,1.11293210647326
2.33217091768648,3.77729698975361
3.31196512584212,5.88887823496272
12.2939335560221,10.2740548307027
2.959555105526,1.31608457116317
1.01674061395641,1.34290537132582
11.0063278568653,10.404838313859
2.54160566818587,3.87532573905417
0.624526094010664,0.256825375104805
3.39983980700406,5.64134016642744
0.655341249837479,0.945504127317973
4.54267070946051,2.95194918006225
2.94829184443832,3.26302319460569
2.99611565349157,4.29184806971873
1.76607267544751,1.16655058409822
2.37291627292139,1.80366794688101
