"x"
-0.700119257280364
0.0590212857446087
-0.780517752821799
-0.9606276040086
1.08063072483213
0.314009369747302
-1.07423738095044
-1.55638800632345
-2.30501420708949
-0.273679021813578
1.25445998194385
-1.37334704405964
-1.72378390909502
-1.2907077785295
-1.15170855942628
0.71689109639264
-0.117999786597988
-2.31398494918765
-0.928276874863372
-0.498818443936753
-1.36850133857335
-0.433403476887669
-0.938384942795574
-0.575595217096022
-3.61657567698034
-3.06911264566021
0.0533498269091066
-0.678821621923499
-0.967628166426822
-0.577347267870009
-0.21026536972467
0.791440237052636
-0.511571349069795
-1.03026000439279
-0.319235623405788
-1.60056815428049
-0.194645005676414
-0.525827537546762
-0.265749616552748
-0.285313531085054
-0.253559518945797
-2.3438904395732
-0.448432374359824
0.363932793651276
0.725979584108322
2.35987559812876
2.05814276954589
1.05379349299232
1.42954129862943
0.532282386475587
1.65975041728499
1.64398893553058
1.42302263998208
1.18856550232351
1.79957044934084
1.39616816942206
-0.343826689485299
-0.652724320414579
1.58322308752308
2.33153850103814
2.07416677254393
0.656737954088765
0.199049971504994
-1.17439752148949
-1.00542209875166
-0.684295444563877
-1.29343300642241
-0.761298958591907
1.17368709340552
1.01414698296335
-0.378641189032039
-1.29388105352792
-1.93404055361353
-1.32083376534583
-1.55521467012679
-1.66049887326529
-1.52718242453183
-1.63328971336786
-1.29342687960045
-2.41366712024361
-1.24343777707127
-0.0584042387831929
0.212181011743103
1.37293138778891
-0.717127588981042
-0.981405957998399
2.59887706672363
0.395555623966643
0.776704337068943
-0.65451424761189
-0.474315815201376
0.322764823171436
0.0191823331844901
-0.147127067223098
0.441813338982831
0.649051627375257
0.826090179004836
-1.03263916536324
-0.394485756634324
-1.44307021522221
-1.93743189482174
-0.755324173447812
-0.626317284935979
0.307135649097943
0.0105744077947817
-1.09952757633831
0.810942467891734
-0.385494630907467
-0.865441490344057
0.156205416601862
-1.24789902824178
-1.51079379567336
-0.1962216505899
2.44141418067958
1.55766276508045
1.85356692657735
0.717852075375701
-1.39476243434356
1.63393718938866
0.614682807695757
0.792717327638433
-0.528526746693942
1.20188475305339
0.914448348873287
1.98674478258479
2.94660091494671
-0.625586123319093
0.893572357444134
1.13458905639641
0.0467146639188176
0.391005731916828
-0.107647449778706
0.850357923426504
-2.09218665916286
0.407089177990743
0.982472380780313
0.650570112502026
1.44080877541958
0.806182441311156
0.495766580690061
-0.830870066242762
-2.13716129097198
-2.07335258823685
-2.42874060425895
1.04540355607196
0.99959932270548
1.23465975616718
0.235404358393193
0.0628371275698118
0.0701395612519587
-0.016993388291345
-0.0293928611110811
0.0931224238414379
1.7671318024661
0.455649983074019
1.30460701516218
-0.920932316466311
0.14026517086933
0.438191737872167
0.623247923469228
-1.10046733262134
-1.82267772615218
1.32843096594844
0.481660361902716
1.00759371896304
0.4371899678833
1.22185942780694
0.523379363628028
-0.203846134948709
-1.2968762226279
-1.02828813495484
-0.684522333912213
-0.0137009326848621
-1.79502673768737
-1.38154591339661
-0.87380289094252
0.899100812892164
0.0205879716271483
0.449387682943632
-1.51834384184121
-1.62235359587347
-1.6935245103459
-1.89587197228124
0.721363155597901
0.892364823039352
1.56520612949243
1.21689365986344
-0.649094279084994
0.175378489811464
2.70130472373605
0.389637742150048
-0.348539573616617
0.564456628753964
0.187140298021937
-0.194864162938339
0.824827186217097
0.221139742060165
-1.81537840738953
-0.123523281529767
-0.0429792058551447
