"x"
-10.1167889514824
-10.2659417104029
-8.86940341341674
-7.37773916621001
-6.37237880937431
-5.31082233958326
-4.38438479826057
-3.21059995495047
-2.43276596548225
-2.33780331425653
-2.3229068543009
-1.19837259896213
0.950536483726289
2.40100115688738
3.22755741471889
4.32865051839894
4.68105166594264
6.650336010626
7.38927856863119
8.95926357796075
8.90118315902989
9.58969183186765
8.1665646424181
8.54135866852562
9.18446874421937
11.3038559174925
11.6440125340337
11.0913848766781
12.6412192251471
13.575982604763
12.2603660224022
10.5115337925472
10.6057010949949
10.7506441222708
12.6804578444735
13.8799917985921
15.7388444035731
16.5261744570413
18.6854367489649
19.2058017709762
21.1001233284452
23.5156635712529
23.9479133435286
24.5168025792463
25.9898431133179
26.7667607523911
28.1676077821941
31.4970130225632
33.3873646311368
36.7223843036211
38.4508608944424
40.4464614070805
42.4598083956805
43.5722404887748
44.0974890715346
43.2391700313837
44.9164480692141
45.6471537038347
46.6954750724935
49.1082406917359
50.8292116472145
51.8618653425448
52.8412278181481
53.2698293916401
54.3177853079172
56.2547653187483
58.9633300107394
60.0234052525908
60.7797043709486
59.3446991441986
59.255430479899
57.8466215317336
56.9692076857056
55.266766474099
54.6675694051096
54.3711439020846
55.1066677395563
55.7243545411228
56.4681752142474
55.4369754617868
55.4644526596458
56.0651377928317
56.7363805539721
58.3051323679856
60.0159287140962
62.2815368630119
64.4204717875711
64.4354340062708
65.4608945231224
65.4461566115485
65.8413456414194
65.528733696136
66.1677948337759
67.2301146152207
68.3901027080971
67.9649723301282
67.5780090229993
66.6473858707277
64.4271513745993
62.8620969608111
61.6748875915702
60.6048798740344
59.6392538463234
58.5297146815593
58.385470939084
58.8542300783733
57.6118777795419
56.5748930886276
56.978577403807
56.5795944391578
55.9587869577076
54.3847228824202
54.8966316357605
53.4518168300469
51.6205275134553
49.8121064108005
48.9374361349623
45.7357396235695
44.7860371995902
43.7505601115451
43.891819925929
44.6044066173264
44.4980222197247
44.44209851463
45.7911338216946
44.5274222136076
44.4804055556018
45.3264888494642
46.7122217448292
48.0535663993518
49.7629449379599
50.2706194970973
50.8455659600527
53.0880041389474
56.9429338213706
58.5931148188352
61.6825502402179
63.3845044885421
66.4420130998896
67.6299410784249
69.6030506650749
71.3759247161387
73.4340372594406
75.3413011358433
76.8267429450898
79.1357747521695
80.0224821584
80.9878610032158
81.531055095307
82.2323043740633
81.9901579828572
82.4972492197663
81.7375027566285
81.010732664631
79.4298919912104
77.8719440763805
75.1865182453245
71.5921229550365
70.7241572552875
69.6712331770471
68.3933427401454
68.7437284019447
68.2390010729686
67.524450244992
65.9097809566941
66.3852732809711
67.0291910182125
67.2314737171039
67.1528711332042
66.7212143456876
67.4584684432743
67.1171539950958
65.8539442503026
64.697506361939
63.2062371742082
59.7129974390027
58.5975082778661
56.4477953966213
56.2784235247024
54.3538067349081
54.8086277412517
55.0381518588454
53.7955543050829
52.291563826808
50.06463541202
49.1823821788247
48.7137431796396
48.3509595872144
48.0805617186492
47.8392572872617
48.658186386779
50.6493860770389
51.1397841452346
53.5534559590322
52.3016221509877
51.4805583245907
51.7280495539398
50.7223154414976
51.4571273986834
50.9068658292805
